-0.70726 -0.560459
-0.896498 -0.814045
1.84966 0.775212
-0.522108 -0.340542
1.15988 0.270802
-0.326456 -0.110982
0.0506817 -0.216414
-0.747806 -0.613044
0.730706 0.214335
-0.401518 -0.301083
0.0667474 -0.186362
-0.745935 -0.646247
0.73738 0.187577
-0.396236 -0.295054
1.46255 0.659654
-0.633557 -0.565287
-0.709339 -0.622232
-0.894435 -0.900249
1.84156 1.03587
-0.525616 -0.457378
1.15189 0.443117
-0.337207 -0.292071
1.1028 0.446288
-0.34362 -0.279212
0.0365745 -0.180925
-0.753743 -0.674108
0.717117 0.219654
-0.410872 -0.30137
1.43642 0.690447
-0.64424 -0.565154
-0.714342 -0.594616
-0.894734 -0.911129
1.80825 1.06819
-0.535163 -0.444588
1.7755 0.958767
-0.544182 -0.509996
1.11848 0.48056
-0.353143 -0.173501
-0.731405 -0.598144
-0.899161 -0.853519
0.10634 -0.153973
-0.743486 -0.727948
0.725439 0.227068
-0.411101 -0.318621
1.43976 0.703184
-0.642208 -0.583992
-0.71499 -0.610682
-0.894463 -0.906562
1.81927 1.08183
-0.537199 -0.481162
1.14697 0.51503
-0.350837 -0.236027
0.045063 -0.193593
-0.752115 -0.664175
0.727182 0.25636
-0.416189 -0.305684
1.46282 0.720692
-0.644445 -0.573584
0.0784749 -0.172419
-0.746464 -0.67653
0.746702 0.244759
-0.412646 -0.297029
1.4895 0.756155
-0.64337 -0.567587
-0.709355 -0.621785
-0.89577 -0.908644
1.85303 1.1385
-0.539556 -0.471939
1.16604 0.492114
-0.356113 -0.119987
-1.07119 -0.658232
0.762536 -0.469018
1.12378 -0.145485
9.2796 4.07215
0.332626 -0.83717
9.20862 6.31318
-0.316464 -1.07206
1.95631 0.293768
0.231516 -0.689359
2.90015 2.262
0.978358 -0.0985599
1.5031 0.602761
0.670334 -0.235889
2.22896 1.76434
-0.161097 -0.621799
0.481699 -0.160164
0.310823 -0.466195
3.447 1.93894
0.814853 -0.263491
2.83936 1.17414
-0.982257 -1.00694
-0.416755 -0.821943
1.00564 -0.12391
3.71891 1.93806
-0.253831 -0.809244
1.20491 0.130039
0.2082 -0.611273
2.99258 1.99992
0.848102 -0.168278
1.45492 0.600595
-0.935704 -0.963371
-0.691897 -0.846472
1.11199 0.161509
1.90542 1.11859
0.591238 -0.262975
2.05234 1.71526
-0.927047 -0.943355
-0.768167 -0.888728
-0.130021 -0.524819
0.439007 -0.105195
0.311794 -0.365773
1.71508 1.28971
0.929151 0.0469933
0.982134 0.294473
1.09171 0.15635
1.44622 0.756102
0.609122 -0.190822
1.97745 1.51555
0.873211 0.00540688
0.792559 0.233617
-0.911631 -0.861299
-0.776332 -0.860734
1.15657 0.288756
1.44029 0.845361
0.623016 -0.151398
1.57904 1.31565
-0.14195 -0.540192
0.0368318 -0.322831
0.329051 -0.31485
1.46023 1.0866
-0.126921 -0.503121
0.0601934 -0.305056
0.352213 -0.28975
1.35763 1.01228
0.952571 0.131615
0.548289 0.121485
-0.898415 -0.813662
-0.837151 -0.887431
1.21581 0.423275
0.901549 0.574586
0.680889 -0.00505029
1.4512 1.11515
0.668538 -0.0590678
1.21177 1.11292
-0.112495 -0.477292
-0.144238 -0.392694
0.373013 -0.213116
1.05679 0.789395
0.968656 0.197995
0.467344 0.078843
-0.898305 -0.771508
-0.838167 -0.870132
1.21844 0.452733
0.925712 0.540242
1.16221 0.33385
0.847753 0.409721
0.65899 -0.0244867
1.33595 1.12635
-0.901706 -0.833573
-0.86982 -0.885502
-0.0508189 -0.377559
-0.0352096 -0.311986
0.39115 -0.181277
0.847506 0.677854
1.00696 0.255399
0.240268 -0.0660853
-0.883233 -0.737293
-0.867547 -0.899879
1.26486 0.536819
0.739729 0.450223
0.723585 0.0392927
1.15799 0.864094
-0.0998775 -0.440776
-0.142011 -0.400129
0.401312 -0.170506
1.0548 0.76626
1.01026 0.25101
0.318078 -0.0476696
-0.0591944 -0.401774
-0.220476 -0.448934
0.437612 -0.0832153
0.943457 0.576336
1.02744 0.257288
0.398585 -0.0275117
-0.892276 -0.762385
-0.863502 -0.886907
1.29037 0.53455
0.881471 0.432312
0.741507 0.00127075
1.27876 0.965718
-0.806378 -0.781699
-0.943883 -0.901068
0.842336 0.475718
-0.820431 -0.659914
0.438775 0.121466
-0.733586 -0.490087
-0.334288 -0.396661
-0.895058 -0.774478
0.182712 -0.0221757
-0.75998 -0.517711
0.825302 0.41324
-0.865265 -0.714619
0.614397 0.287775
-0.737915 -0.473153
-0.257416 -0.336165
-0.892905 -0.770377
0.274937 0.0558234
-0.759519 -0.504014
0.912474 0.499712
-0.861821 -0.700274
-0.780663 -0.650866
-0.937899 -0.914874
1.28545 0.838202
-0.808851 -0.559277
-0.227611 -0.356195
-0.929391 -0.762295
0.199419 0.0853225
-0.777064 -0.527155
0.75315 0.52859
-0.902267 -0.716811
-0.793352 -0.642033
-0.967548 -0.944132
1.0932 0.915626
-0.870064 -0.684266
0.52266 0.368075
-0.778983 -0.474354
-0.803057 -0.652551
-0.92872 -0.883255
-0.158843 -0.263806
-0.878307 -0.807825
0.349646 0.0674313
-0.749206 -0.518701
0.977369 0.532899
-0.866134 -0.709997
1.29745 0.704855
-0.833173 -0.650981
0.715708 0.370356
-0.731919 -0.535786
0.981861 0.570625
-0.872682 -0.690514
-0.772184 -0.614335
-0.94702 -0.885025
1.37122 0.860652
-0.830506 -0.616545
0.733025 0.348417
-0.724432 -0.445667
-0.198802 -0.264828
-0.884741 -0.751531
0.380286 0.142123
-0.748985 -0.475284
-0.172434 -0.251975
-0.880252 -0.737684
0.38391 0.159102
-0.743699 -0.500176
1.03651 0.587188
-0.85964 -0.669808
-0.762775 -0.605961
-0.950658 -0.892867
1.40122 0.897035
-0.826972 -0.618168
0.757841 0.396517
-0.730802 -0.541928
0.714296 0.399404
-0.732359 -0.533627
-0.186437 -0.248914
-0.887173 -0.736615
0.395692 0.161778
-0.751593 -0.500122
1.06002 0.627681
-0.870926 -0.688601
-0.756196 -0.611095
-0.959028 -0.901558
1.44284 0.958928
-0.833554 -0.57646
1.3825 0.842071
-0.842053 -0.66025
0.775172 0.40963
-0.740546 -0.407506
-0.768092 -0.615394
-0.968515 -0.903058
-0.0925883 -0.183899
-0.89398 -0.796062
0.378383 0.148146
-0.77332 -0.529432
0.9833 0.656329
-0.854314 -0.680931
-0.749768 -0.617097
-0.962649 -0.918385
1.47054 0.981688
-0.83727 -0.629349
0.792133 0.42806
-0.734627 -0.478251
-0.149075 -0.229715
-0.892517 -0.752331
0.435298 0.199188
-0.750305 -0.516294
1.12312 0.673382
-0.871006 -0.693426
-0.129535 -0.214328
-0.884994 -0.738298
0.463143 0.187478
-0.745312 -0.501569
1.1253 0.696991
-0.870914 -0.686666
-0.741786 -0.604855
-0.96852 -0.935077
1.49996 1.03771
-0.837729 -0.627324
0.820894 0.440973
-0.732256 -0.41714
-0.745882 -0.614802
-0.974868 -0.915007
1.42815 1.07209
-0.829136 -0.621694
0.808041 0.44109
-0.731259 -0.542628
-0.146904 -0.246318
-0.892334 -0.776764
0.440804 0.201351
-0.753564 -0.509382
1.1071 0.678933
-0.873091 -0.719999
0.827652 0.490719
-0.734358 -0.465598
-0.148548 -0.210048
-0.894784 -0.761955
0.435875 0.206979
-0.7587 -0.526757
0.918481 0.667783
-0.922143 -0.708582
-0.744266 -0.60967
-0.967673 -0.91773
1.50912 1.00246
-0.832947 -0.501848
-0.115684 -0.275497
-0.886814 -0.747938
0.473497 0.208955
-0.743004 -0.490567
1.13387 0.679997
-0.867258 -0.693068
-0.738726 -0.604837
-0.966563 -0.952659
1.51295 1.04737
-0.827674 -0.636694
0.826815 0.435542
-0.727235 -0.433887
-0.75288 -0.623538
-0.971913 -0.921239
-0.0607743 -0.187497
-0.874285 -0.807204
0.467714 0.176909
-0.744572 -0.505688
1.11527 0.693097
-0.865968 -0.705272
1.42181 0.903437
-0.836003 -0.666716
0.807677 0.464175
-0.728197 -0.550081
1.08592 0.660868
-0.869715 -0.70997
-0.744821 -0.610827
-0.972914 -0.948489
1.46703 1.00597
-0.825025 -0.638606
0.780446 0.420086
-0.726061 -0.466446
-0.177927 -0.246278
-0.889417 -0.763984
0.376372 0.162839
-0.749001 -0.472642
-0.18071 -0.266185
-0.888533 -0.749008
0.344015 0.154439
-0.751714 -0.525551
0.889713 0.56979
-0.907358 -0.707437
-0.782606 -0.641461
-0.977262 -0.932941
1.08266 0.897928
-0.862988 -0.669061
0.495009 0.325578
-0.766219 -0.62682
0.441851 0.307113
-0.77306 -0.559837
-0.334015 -0.314506
-0.926221 -0.776208
0.130307 0.0656174
-0.778731 -0.539565
0.648716 0.465597
-0.912537 -0.707635
-0.798041 -0.661356
-0.960021 -0.924176
1.09507 0.779381
-0.841786 -0.628918
1.05256 0.68957
-0.848037 -0.709493
0.521873 0.267258
-0.748609 -0.487813
-0.808291 -0.645926
-0.960885 -0.895963
-0.251189 -0.316237
-0.898229 -0.808577
0.180272 0.00863411
-0.764625 -0.531393
0.743772 0.432052
-0.876159 -0.708834
-0.802197 -0.657296
-0.955331 -0.913408
1.06333 0.742285
-0.843234 -0.685193
0.494779 0.242426
-0.749075 -0.519906
-0.324049 -0.339654
-0.905845 -0.76596
0.147569 0.012121
-0.771542 -0.543423
0.716621 0.420579
-0.8803 -0.725456
-0.311718 -0.332113
-0.906112 -0.776568
0.145548 -0.00760434
-0.77157 -0.545411
0.700998 0.418474
-0.879786 -0.710156
-0.810036 -0.64916
-0.955722 -0.924887
0.991616 0.683372
-0.840876 -0.678056
0.438195 0.207471
-0.746781 -0.490706
-0.930698 -0.744499
-0.937673 -0.892646
0.778904 0.591376
-0.793021 -0.590607
0.442196 0.223123
-0.695587 -0.489262
-0.204427 -0.225476
-0.867096 -0.767481
0.272118 0.123883
-0.655692 -0.499131
0.868064 0.590591
-0.794606 -0.6941
0.516585 0.329702
-0.632248 -0.442693
-0.219452 -0.249999
-0.860554 -0.757374
0.209384 0.0797612
-0.535138 -0.435639
0.733488 0.414053
-0.677764 -0.606634
-0.901928 -0.757848
-0.942724 -0.921859
0.886399 0.590401
-0.586426 -0.46088
-0.282937 -0.39562
-0.774394 -0.717439
0.112704 -0.0444975
-0.467558 -0.356596
0.652953 0.364564
-0.693787 -0.627107
-0.897783 -0.75979
-0.958405 -0.938398
0.839854 0.606333
-0.580784 -0.515041
0.336795 0.101569
-0.450369 -0.272752
-0.903048 -0.768056
-0.962309 -0.925761
-0.256315 -0.316535
-0.752816 -0.742402
0.116738 -0.0715996
-0.454523 -0.349708
0.652794 0.420923
-0.657577 -0.637224
0.762958 0.535567
-0.563239 -0.545886
0.314811 0.140181
-0.399517 -0.347865
0.554579 0.318222
-0.661924 -0.619667
-0.903816 -0.766165
-0.961211 -0.947244
0.775497 0.563496
-0.529766 -0.46889
0.309522 0.0982822
-0.409711 -0.277393
-0.309159 -0.360436
-0.774541 -0.745297
0.0718599 -0.052675
-0.411802 -0.271253
-0.29417 -0.362894
-0.766765 -0.736203
0.0913677 -0.0341779
-0.425292 -0.31782
0.536002 0.336359
-0.673282 -0.605779
-0.912664 -0.786804
-0.972093 -0.968702
0.635533 0.561522
-0.593391 -0.506574
0.191567 0.0779122
-0.421925 -0.34668
0.175851 0.0744472
-0.460525 -0.329189
-0.393193 -0.392915
-0.808166 -0.739855
-0.0473262 -0.0958661
-0.486836 -0.336712
0.353877 0.244581
-0.697446 -0.594378
-0.925841 -0.800262
-0.97123 -0.9182
0.512135 0.505216
-0.588931 -0.494903
0.432188 0.308634
-0.60022 -0.563848
0.0959313 -0.0353974
-0.433108 -0.20975
-0.934945 -0.795028
-0.976371 -0.961834
-0.37682 -0.333076
-0.77113 -0.745572
-0.0932359 -0.151188
-0.511842 -0.287777
0.308577 0.221745
-0.713832 -0.640295
-0.925967 -0.763075
-0.977007 -0.953612
0.535884 0.497009
-0.569943 -0.482041
0.129155 0.0284126
-0.41982 -0.26163
-0.41877 -0.406402
-0.738408 -0.693464
0.1544 -0.0141224
-0.268314 -0.19715
0.700545 0.383632
-0.571736 -0.572422
-0.238196 -0.318333
-0.746009 -0.701485
0.172713 0.00391206
-0.281939 -0.223361
0.710811 0.340314
-0.551844 -0.568623
-0.89705 -0.753922
-0.963149 -0.960412
0.925886 0.640073
-0.36501 -0.37359
0.483345 0.14595
-0.122929 -0.0502579
-0.896576 -0.751242
-0.966167 -0.960342
0.99472 0.689705
-0.38483 -0.388226
0.491673 0.172507
-0.191381 -0.147264
-0.2163 -0.31582
-0.734335 -0.706714
0.235178 0.0175569
-0.211913 -0.18429
0.80199 0.446032
-0.535613 -0.56465
0.52563 0.248283
-0.134688 -0.108906
-0.214074 -0.327855
-0.716418 -0.680866
0.219165 0.0182744
-0.265403 -0.185471
0.746876 0.404038
-0.558279 -0.543068
-0.89203 -0.744995
-0.966379 -0.953909
0.92285 0.651793
-0.369448 -0.305009
-0.230544 -0.359862
-0.737151 -0.691014
0.173723 0.00971883
-0.279448 -0.189987
0.698786 0.381968
-0.57042 -0.54825
-0.893104 -0.740954
-0.970344 -0.954426
0.90006 0.682716
-0.391176 -0.381534
0.42655 0.161967
-0.241508 -0.108036
-0.899359 -0.759917
-0.975262 -0.957414
-0.197288 -0.261323
-0.691394 -0.694156
0.18879 -0.0252577
-0.264902 -0.186821
0.72861 0.461467
-0.543183 -0.578173
0.885945 0.605826
-0.387933 -0.436468
0.431854 0.203991
-0.163437 -0.17356
0.666624 0.381347
-0.555659 -0.559586
-0.897969 -0.758204
-0.968951 -0.956722
0.890953 0.656836
-0.343002 -0.341139
0.421274 0.153689
-0.207442 -0.126771
-0.247626 -0.321067
-0.733162 -0.700482
0.179346 0.00230096
-0.224569 -0.133016
-0.225385 -0.305653
-0.718652 -0.677588
0.200306 0.0274283
-0.225572 -0.167112
0.71274 0.398395
-0.553185 -0.546582
-0.897129 -0.769089
-0.975469 -0.937003
0.897082 0.680303
-0.399806 -0.36173
0.424592 0.19329
-0.175974 -0.203779
0.413975 0.208245
-0.23023 -0.153142
-0.250484 -0.310856
-0.751585 -0.712337
0.167471 0.0125928
-0.271506 -0.193545
0.668191 0.379904
-0.555304 -0.549913
-0.901581 -0.752352
-0.973977 -0.963271
0.849639 0.676485
-0.38001 -0.372202
0.771721 0.506196
-0.408029 -0.45684
0.361113 0.144528
-0.182861 -0.0999807
-0.911539 -0.793939
-0.981049 -0.954195
-0.224351 -0.277253
-0.700843 -0.698766
0.123509 -0.048052
-0.316922 -0.211099
0.604045 0.37116
-0.611053 -0.587898
-0.90435 -0.762247
-0.981214 -0.969851
0.767427 0.65734
-0.427685 -0.391423
0.310431 0.130933
-0.23944 -0.15751
-0.307731 -0.358409
-0.741779 -0.698291
0.0647085 -0.033053
-0.28587 -0.173771
0.502958 0.33174
-0.606173 -0.570955
-0.314461 -0.345543
-0.776566 -0.709844
0.0253362 -0.0455926
-0.337347 -0.235908
0.435699 0.254722
-0.613962 -0.566779
-0.916134 -0.766022
-0.973749 -0.955915
0.580148 0.553631
-0.462216 -0.404739
0.175143 0.028745
-0.283595 -0.100765
-0.899098 -0.734213
-0.955063 -0.942835
0.850195 0.669798
-0.634788 -0.488199
0.337974 0.21111
-0.568916 -0.354014
-0.311027 -0.301001
-0.812752 -0.750052
0.0764793 0.00810302
-0.561197 -0.340807
0.583097 0.458899
-0.705327 -0.637618
0.240581 0.158216
-0.437213 -0.221772
-0.386034 -0.398707
-0.754815 -0.690837
-0.0369924 -0.0957889
-0.467564 -0.250519
0.39422 0.278055
-0.615523 -0.539323
-0.934621 -0.796995
-0.946596 -0.947482
0.473318 0.428545
-0.514418 -0.301785
-0.480659 -0.522737
-0.738659 -0.622929
-0.216365 -0.22323
-0.474952 -0.13469
0.102088 0.058177
-0.697996 -0.496213
