-0.70726 -0.564196
-0.896498 -0.815249
1.84966 0.836629
-0.522108 -0.371293
1.15988 0.315863
-0.326456 -0.146421
0.0506817 -0.214359
-0.747806 -0.6301
0.730706 0.224625
-0.401518 -0.320406
0.0667474 -0.183869
-0.745935 -0.65668
0.73738 0.20251
-0.396236 -0.315788
1.46255 0.684583
-0.633557 -0.577117
-0.709339 -0.618703
-0.894435 -0.892122
1.84156 1.06658
-0.525616 -0.474433
1.15189 0.466927
-0.337207 -0.306031
1.1028 0.464291
-0.34362 -0.293534
0.0365745 -0.181237
-0.753743 -0.681707
0.717117 0.231279
-0.410872 -0.321493
1.43642 0.712353
-0.64424 -0.576797
-0.714342 -0.593292
-0.894734 -0.902365
1.80825 1.09893
-0.535163 -0.466057
1.7755 0.989342
-0.544182 -0.522847
1.11848 0.49771
-0.353143 -0.200356
-0.731405 -0.601136
-0.899161 -0.850421
0.10634 -0.147385
-0.743486 -0.728735
0.725439 0.240712
-0.411101 -0.336066
1.43976 0.723657
-0.642208 -0.593916
-0.71499 -0.608583
-0.894463 -0.898334
1.81927 1.10817
-0.537199 -0.494323
1.14697 0.5323
-0.350837 -0.255542
0.045063 -0.192777
-0.752115 -0.672519
0.727182 0.267233
-0.416189 -0.324801
1.46282 0.743976
-0.644445 -0.584949
0.0784749 -0.168214
-0.746464 -0.683537
0.746702 0.259847
-0.412646 -0.316224
1.4895 0.778646
-0.64337 -0.578619
-0.709355 -0.61926
-0.89577 -0.900584
1.85303 1.16777
-0.539556 -0.485726
1.16604 0.51816
-0.356113 -0.152286
-1.07119 -0.667209
0.762536 -0.421066
1.12378 -0.106818
9.2796 4.16512
0.332626 -0.782759
9.20862 6.3354
-0.316464 -1.01671
1.95631 0.338478
0.231516 -0.638486
2.90015 2.2774
0.978358 -0.0505622
1.5031 0.621853
0.670334 -0.189599
2.22896 1.74786
-0.161097 -0.590769
0.481699 -0.144911
0.310823 -0.42672
3.447 1.92626
0.814853 -0.221075
2.83936 1.19541
-0.982257 -0.972258
-0.416755 -0.791522
1.00564 -0.0775459
3.71891 1.95652
-0.253831 -0.771378
1.20491 0.159336
0.2082 -0.565669
2.99258 1.99954
0.848102 -0.121144
1.45492 0.608161
-0.935704 -0.929933
-0.691897 -0.82858
1.11199 0.203731
1.90542 1.12063
0.591238 -0.22223
2.05234 1.6914
-0.927047 -0.913812
-0.768167 -0.870948
-0.130021 -0.495765
0.439007 -0.0950297
0.311794 -0.3367
1.71508 1.28486
0.929151 0.0843116
0.982134 0.301644
1.09171 0.197332
1.44622 0.755951
0.609122 -0.153542
1.97745 1.50127
0.873211 0.0443123
0.792559 0.234611
-0.911631 -0.837807
-0.776332 -0.848627
1.15657 0.325767
1.44029 0.841565
0.623016 -0.116203
1.57904 1.29944
-0.14195 -0.512358
0.0368318 -0.315326
0.329051 -0.283925
1.46023 1.07528
-0.126921 -0.480849
0.0601934 -0.297142
0.352213 -0.259265
1.35763 1.00611
0.952571 0.168144
0.548289 0.121002
-0.898415 -0.794498
-0.837151 -0.876192
1.21581 0.462806
0.901549 0.565342
0.680889 0.0274779
1.4512 1.09684
0.668538 -0.0263892
1.21177 1.09097
-0.112495 -0.451346
-0.144238 -0.388395
0.373013 -0.184102
1.05679 0.781636
0.968656 0.231795
0.467344 0.0767966
-0.898305 -0.757016
-0.838167 -0.860062
1.21844 0.49199
0.925712 0.532665
1.16221 0.37122
0.847753 0.403718
0.65899 0.00897872
1.33595 1.10224
-0.901706 -0.813664
-0.86982 -0.873817
-0.0508189 -0.352366
-0.0352096 -0.307704
0.39115 -0.156242
0.847506 0.671614
1.00696 0.289711
0.240268 -0.0692056
-0.883233 -0.723383
-0.867547 -0.887817
1.26486 0.574654
0.739729 0.441265
0.723585 0.0703871
1.15799 0.847534
-0.0998775 -0.420094
-0.142011 -0.394336
0.401312 -0.142849
1.0548 0.759533
1.01026 0.282641
0.318078 -0.049197
-0.0591944 -0.380487
-0.220476 -0.44434
0.437612 -0.0634548
0.943457 0.573408
1.02744 0.286753
0.398585 -0.0272447
-0.892276 -0.750627
-0.863502 -0.878582
1.29037 0.569511
0.881471 0.427693
0.741507 0.0323502
1.27876 0.948093
-0.806378 -0.769795
-0.943883 -0.894911
0.842336 0.494068
-0.820431 -0.670457
0.438775 0.130514
-0.733586 -0.507336
-0.334288 -0.396045
-0.895058 -0.777977
0.182712 -0.0183452
-0.75998 -0.537343
0.825302 0.425586
-0.865265 -0.723917
0.614397 0.294732
-0.737915 -0.492336
-0.257416 -0.335049
-0.892905 -0.775131
0.274937 0.060727
-0.759519 -0.524905
0.912474 0.510947
-0.861821 -0.710652
-0.780663 -0.650835
-0.937899 -0.90833
1.28545 0.856373
-0.808851 -0.582542
-0.227611 -0.34723
-0.929391 -0.769165
0.199419 0.0927371
-0.777064 -0.545855
0.75315 0.542012
-0.902267 -0.7276
-0.793352 -0.641921
-0.967548 -0.936594
1.0932 0.936336
-0.870064 -0.695786
0.52266 0.380466
-0.778983 -0.495569
-0.803057 -0.653801
-0.92872 -0.875035
-0.158843 -0.258166
-0.878307 -0.80745
0.349646 0.0782059
-0.749206 -0.536776
0.977369 0.551405
-0.866134 -0.721348
1.29745 0.73552
-0.833173 -0.662481
0.715708 0.382504
-0.731919 -0.548079
0.981861 0.583853
-0.872682 -0.701848
-0.772184 -0.616241
-0.94702 -0.882315
1.37122 0.88729
-0.830506 -0.63359
0.733025 0.36196
-0.724432 -0.466929
-0.198802 -0.265184
-0.884741 -0.756139
0.380286 0.145976
-0.748985 -0.496896
-0.172434 -0.250556
-0.880252 -0.743241
0.38391 0.164437
-0.743699 -0.518909
1.03651 0.604767
-0.85964 -0.68238
-0.762775 -0.607017
-0.950658 -0.889717
1.40122 0.925513
-0.826972 -0.634932
0.757841 0.41088
-0.730802 -0.552613
0.714296 0.406859
-0.732359 -0.54567
-0.186437 -0.248791
-0.887173 -0.743438
0.395692 0.167708
-0.751593 -0.519331
1.06002 0.645144
-0.870926 -0.700816
-0.756196 -0.61198
-0.959028 -0.898696
1.44284 0.987003
-0.833554 -0.60223
1.3825 0.871046
-0.842053 -0.673596
0.775172 0.421055
-0.740546 -0.43444
-0.768092 -0.618118
-0.968515 -0.898478
-0.0925883 -0.179773
-0.89398 -0.799589
0.378383 0.158722
-0.77332 -0.546081
0.9833 0.672397
-0.854314 -0.691926
-0.749768 -0.617204
-0.962649 -0.914198
1.47054 1.00734
-0.83727 -0.644962
0.792133 0.4403
-0.734627 -0.496655
-0.149075 -0.22921
-0.892517 -0.758036
0.435298 0.204742
-0.750305 -0.534055
1.12312 0.690572
-0.871006 -0.70531
-0.129535 -0.212594
-0.884994 -0.746457
0.463143 0.19715
-0.745312 -0.520252
1.1253 0.713035
-0.870914 -0.698325
-0.741786 -0.60616
-0.96852 -0.930294
1.49996 1.06367
-0.837729 -0.642982
0.820894 0.454322
-0.732256 -0.442603
-0.745882 -0.616408
-0.974868 -0.912706
1.42815 1.09276
-0.829136 -0.637164
0.808041 0.450949
-0.731259 -0.554915
-0.146904 -0.243575
-0.892334 -0.778877
0.440804 0.206783
-0.753564 -0.528234
1.1071 0.69902
-0.873091 -0.728833
0.827652 0.499877
-0.734358 -0.4845
-0.148548 -0.211008
-0.894784 -0.766832
0.435875 0.213417
-0.7587 -0.543594
0.918481 0.684284
-0.922143 -0.720787
-0.744266 -0.610368
-0.967673 -0.914689
1.50912 1.02635
-0.832947 -0.53382
-0.115684 -0.266563
-0.886814 -0.754813
0.473497 0.215049
-0.743004 -0.50981
1.13387 0.696232
-0.867258 -0.704232
-0.738726 -0.605614
-0.966563 -0.945763
1.51295 1.06996
-0.827674 -0.651201
0.826815 0.447814
-0.727235 -0.456472
-0.75288 -0.625378
-0.971913 -0.916793
-0.0607743 -0.180978
-0.874285 -0.806886
0.467714 0.188259
-0.744572 -0.523681
1.11527 0.714239
-0.865968 -0.718122
1.42181 0.931427
-0.836003 -0.678341
0.807677 0.476334
-0.728197 -0.559283
1.08592 0.676169
-0.869715 -0.719329
-0.744821 -0.612037
-0.972914 -0.942454
1.46703 1.02922
-0.825025 -0.65271
0.780446 0.431655
-0.726061 -0.484809
-0.177927 -0.247077
-0.889417 -0.768901
0.376372 0.168565
-0.749001 -0.493624
-0.18071 -0.261884
-0.888533 -0.755338
0.344015 0.160316
-0.751714 -0.54081
0.889713 0.586568
-0.907358 -0.71859
-0.782606 -0.640685
-0.977262 -0.92758
1.08266 0.925
-0.862988 -0.681362
0.495009 0.339921
-0.766219 -0.629927
0.441851 0.317155
-0.77306 -0.571852
-0.334015 -0.312947
-0.926221 -0.781835
0.130307 0.0727638
-0.778731 -0.557113
0.648716 0.483614
-0.912537 -0.720223
-0.798041 -0.661259
-0.960021 -0.918414
1.09507 0.803077
-0.841786 -0.648871
1.05256 0.71382
-0.848037 -0.718149
0.521873 0.278724
-0.748609 -0.506269
-0.808291 -0.648348
-0.960885 -0.891223
-0.251189 -0.309846
-0.898229 -0.809145
0.180272 0.0183953
-0.764625 -0.549106
0.743772 0.448139
-0.876159 -0.71872
-0.802197 -0.657181
-0.955331 -0.907717
1.06333 0.763834
-0.843234 -0.695028
0.494779 0.254946
-0.749075 -0.534245
-0.324049 -0.338898
-0.905845 -0.77136
0.147569 0.0187762
-0.771542 -0.560824
0.716621 0.436769
-0.8803 -0.734348
-0.311718 -0.329584
-0.906112 -0.781579
0.145548 0.00135742
-0.77157 -0.562322
0.700998 0.433554
-0.879786 -0.720493
-0.810036 -0.650051
-0.955722 -0.917518
0.991616 0.704355
-0.840876 -0.688507
0.438195 0.219995
-0.746781 -0.508265
-0.930698 -0.745398
-0.937673 -0.888538
0.778904 0.61921
-0.793021 -0.605858
0.442196 0.246528
-0.695587 -0.503919
-0.204427 -0.214059
-0.867096 -0.771848
0.272118 0.146657
-0.655692 -0.511473
0.868064 0.632792
-0.794606 -0.701925
0.516585 0.356442
-0.632248 -0.457451
-0.219452 -0.236926
-0.860554 -0.762277
0.209384 0.101341
-0.535138 -0.446134
0.733488 0.445512
-0.677764 -0.613427
-0.901928 -0.751186
-0.942724 -0.913921
0.886399 0.625199
-0.586426 -0.477426
-0.282937 -0.37879
-0.774394 -0.717605
0.112704 -0.0273111
-0.467558 -0.367916
0.652953 0.394243
-0.693787 -0.632837
-0.897783 -0.75217
-0.958405 -0.930667
0.839854 0.645646
-0.580784 -0.524596
0.336795 0.125326
-0.450369 -0.291678
-0.903048 -0.759956
-0.962309 -0.917396
-0.256315 -0.295832
-0.752816 -0.739307
0.116738 -0.0490668
-0.454523 -0.360961
0.652794 0.446216
-0.657577 -0.641978
0.762958 0.557908
-0.563239 -0.550527
0.314811 0.154692
-0.399517 -0.352381
0.554579 0.34066
-0.661924 -0.623592
-0.903816 -0.759069
-0.961211 -0.938417
0.775497 0.600884
-0.529766 -0.47996
0.309522 0.116734
-0.409711 -0.291609
-0.309159 -0.349996
-0.774541 -0.743457
0.0718599 -0.0382256
-0.411802 -0.287626
-0.29417 -0.350459
-0.766765 -0.734336
0.0913677 -0.0181511
-0.425292 -0.329393
0.536002 0.35835
-0.673282 -0.612794
-0.912664 -0.778266
-0.972093 -0.958902
0.635533 0.59524
-0.593391 -0.517969
0.191567 0.091234
-0.421925 -0.356703
0.175851 0.0860582
-0.460525 -0.342247
-0.393193 -0.384936
-0.808166 -0.7393
-0.0473262 -0.0815539
-0.486836 -0.352315
0.353877 0.26168
-0.697446 -0.605391
-0.925841 -0.793467
-0.97123 -0.912534
0.512135 0.536916
-0.588931 -0.510159
0.432188 0.324128
-0.60022 -0.571489
0.0959313 -0.0234237
-0.433108 -0.234871
-0.934945 -0.790261
-0.976371 -0.951699
-0.37682 -0.31712
-0.77113 -0.74272
-0.0932359 -0.134622
-0.511842 -0.309607
0.308577 0.237219
-0.713832 -0.648081
-0.925967 -0.759425
-0.977007 -0.945125
0.535884 0.531512
-0.569943 -0.495873
0.129155 0.0402482
-0.41982 -0.280945
-0.41877 -0.400905
-0.738408 -0.694151
0.1544 -0.000381702
-0.268314 -0.206505
0.700545 0.407019
-0.571736 -0.57685
-0.238196 -0.307154
-0.746009 -0.70165
0.172713 0.0212453
-0.281939 -0.233628
0.710811 0.368751
-0.551844 -0.570847
-0.89705 -0.746326
-0.963149 -0.951182
0.925886 0.678912
-0.36501 -0.382056
0.483345 0.169623
-0.122929 -0.0661452
-0.896576 -0.743629
-0.966167 -0.951281
0.99472 0.727158
-0.38483 -0.395695
0.491673 0.195025
-0.191381 -0.157645
-0.2163 -0.304673
-0.734335 -0.706195
0.235178 0.0352608
-0.211913 -0.193827
0.80199 0.47056
-0.535613 -0.566146
0.52563 0.267026
-0.134688 -0.119727
-0.214074 -0.315408
-0.716418 -0.68127
0.219165 0.0363578
-0.265403 -0.196229
0.746876 0.433645
-0.558279 -0.548551
-0.89203 -0.737349
-0.966379 -0.945222
0.92285 0.693196
-0.369448 -0.321767
-0.230544 -0.342937
-0.737151 -0.692087
0.173723 0.0270074
-0.279448 -0.201848
0.698786 0.410125
-0.57042 -0.554597
-0.893104 -0.734206
-0.970344 -0.946027
0.90006 0.723864
-0.391176 -0.391171
0.42655 0.185028
-0.241508 -0.126338
-0.899359 -0.752411
-0.975262 -0.947893
-0.197288 -0.239419
-0.691394 -0.691728
0.18879 -0.00350432
-0.264902 -0.197129
0.72861 0.48457
-0.543183 -0.572343
0.885945 0.538127
-0.387933 -0.387292
0.431854 0.158194
-0.163437 -0.120644
0.666624 0.300777
-0.555659 -0.509739
