-0.70726 -0.565532
-0.896498 -0.815271
1.84966 0.888531
-0.522108 -0.393818
1.15988 0.355372
-0.326456 -0.172091
0.0506817 -0.209818
-0.747806 -0.64145
0.730706 0.235711
-0.401518 -0.334194
0.0667474 -0.178805
-0.745935 -0.662381
0.73738 0.218626
-0.396236 -0.329929
1.46255 0.708146
-0.633557 -0.584579
-0.709339 -0.614855
-0.894435 -0.885359
1.84156 1.0962
-0.525616 -0.485366
1.15189 0.493313
-0.337207 -0.314335
1.1028 0.485288
-0.34362 -0.302579
0.0365745 -0.177494
-0.753743 -0.684953
0.717117 0.244922
-0.410872 -0.335173
1.43642 0.733672
-0.64424 -0.584096
-0.714342 -0.590959
-0.894734 -0.894957
1.80825 1.13405
-0.535163 -0.483098
1.7755 1.02465
-0.544182 -0.532377
1.11848 0.516906
-0.353143 -0.218363
-0.731405 -0.602587
-0.899161 -0.847764
0.10634 -0.140134
-0.743486 -0.729138
0.725439 0.255684
-0.411101 -0.347548
1.43976 0.743928
-0.642208 -0.599863
-0.71499 -0.605647
-0.894463 -0.891364
1.81927 1.13464
-0.537199 -0.502206
1.14697 0.551846
-0.350837 -0.267571
0.045063 -0.188384
-0.752115 -0.676242
0.727182 0.280396
-0.416189 -0.337666
1.46282 0.766873
-0.644445 -0.592106
0.0784749 -0.161231
-0.746464 -0.687027
0.746702 0.276095
-0.412646 -0.329033
1.4895 0.800671
-0.64337 -0.585316
-0.709355 -0.615999
-0.89577 -0.893748
1.85303 1.19677
-0.539556 -0.493992
1.16604 0.544526
-0.356113 -0.173686
-1.07119 -0.671389
0.762536 -0.379387
1.12378 -0.0752861
9.2796 4.26582
0.332626 -0.741532
9.20862 6.38146
-0.316464 -0.973516
1.95631 0.380004
0.231516 -0.596167
2.90015 2.29913
0.978358 -0.00859903
1.5031 0.645509
0.670334 -0.148681
2.22896 1.74336
-0.161097 -0.563629
0.481699 -0.128324
0.310823 -0.393215
3.447 1.92633
0.814853 -0.185333
2.83936 1.22076
-0.982257 -0.943561
-0.416755 -0.765636
1.00564 -0.0384796
3.71891 1.97762
-0.253831 -0.741231
1.20491 0.188488
0.2082 -0.527473
2.99258 2.00788
0.848102 -0.0808999
1.45492 0.619932
-0.935704 -0.902498
-0.691897 -0.813132
1.11199 0.241334
1.90542 1.13059
0.591238 -0.187357
2.05234 1.68219
-0.927047 -0.890492
-0.768167 -0.856207
-0.130021 -0.471645
0.439007 -0.0846933
0.311794 -0.311628
1.71508 1.28777
0.929151 0.118928
0.982134 0.314626
1.09171 0.235509
1.44622 0.764132
0.609122 -0.118854
1.97745 1.49912
0.873211 0.0791179
0.792559 0.240272
-0.911631 -0.818093
-0.776332 -0.837772
1.15657 0.359341
1.44029 0.845788
0.623016 -0.0849914
1.57904 1.29514
-0.14195 -0.487472
0.0368318 -0.30538
0.329051 -0.257661
1.46023 1.07094
-0.126921 -0.46098
0.0601934 -0.287184
0.352213 -0.231977
1.35763 1.00693
0.952571 0.200226
0.548289 0.125187
-0.898415 -0.778061
-0.837151 -0.866068
1.21581 0.498812
0.901549 0.564173
0.680889 0.0580092
1.4512 1.09246
0.668538 0.00375857
1.21177 1.08321
-0.112495 -0.427617
-0.144238 -0.381065
0.373013 -0.15765
1.05679 0.780676
0.968656 0.261828
0.467344 0.0796671
-0.898305 -0.744209
-0.838167 -0.850804
1.21844 0.529248
0.925712 0.532764
1.16221 0.407158
0.847753 0.406626
0.65899 0.0407375
1.33595 1.08985
-0.901706 -0.797579
-0.86982 -0.86381
-0.0508189 -0.330801
-0.0352096 -0.302467
0.39115 -0.133577
0.847506 0.6716
1.00696 0.320335
0.240268 -0.0676509
-0.883233 -0.710503
-0.867547 -0.876643
1.26486 0.609349
0.739729 0.439996
0.723585 0.0992724
1.15799 0.841321
-0.0998775 -0.400291
-0.142011 -0.385742
0.401312 -0.117417
1.0548 0.759194
1.01026 0.311409
0.318078 -0.0463422
-0.0591944 -0.360049
-0.220476 -0.437092
0.437612 -0.0441985
0.943457 0.575746
1.02744 0.313568
0.398585 -0.0229548
-0.892276 -0.74
-0.863502 -0.870783
1.29037 0.601941
0.881471 0.429889
0.741507 0.0611438
1.27876 0.940829
-0.806378 -0.760117
-0.943883 -0.889865
0.842336 0.512903
-0.820431 -0.677735
0.438775 0.141154
-0.733586 -0.519572
-0.334288 -0.393322
-0.895058 -0.779281
0.182712 -0.0124713
-0.75998 -0.552092
0.825302 0.440188
-0.865265 -0.729163
0.614397 0.305265
-0.737915 -0.505888
-0.257416 -0.33159
-0.892905 -0.777081
0.274937 0.0678587
-0.759519 -0.54044
0.912474 0.522706
-0.861821 -0.717815
-0.780663 -0.650132
-0.937899 -0.903129
1.28545 0.873076
-0.808851 -0.600116
-0.227611 -0.337979
-0.929391 -0.77257
0.199419 0.10205
-0.777064 -0.559623
0.75315 0.555724
-0.902267 -0.735003
-0.793352 -0.641036
-0.967548 -0.930577
1.0932 0.957348
-0.870064 -0.703489
0.52266 0.395095
-0.778983 -0.510445
-0.803057 -0.654254
-0.92872 -0.868647
-0.158843 -0.252283
-0.878307 -0.807236
0.349646 0.0900596
-0.749206 -0.549965
0.977369 0.572183
-0.866134 -0.728317
1.29745 0.766567
-0.833173 -0.669618
0.715708 0.399412
-0.731919 -0.55578
0.981861 0.599588
-0.872682 -0.709118
-0.772184 -0.616916
-0.94702 -0.880011
1.37122 0.912772
-0.830506 -0.645467
0.733025 0.377487
-0.724432 -0.481654
-0.198802 -0.262195
-0.884741 -0.757611
0.380286 0.151427
-0.748985 -0.513245
-0.172434 -0.246634
-0.880252 -0.745714
0.38391 0.172548
-0.743699 -0.532452
1.03651 0.622045
-0.85964 -0.69097
-0.762775 -0.606867
-0.950658 -0.886912
1.40122 0.952713
-0.826972 -0.646549
0.757841 0.42933
-0.730802 -0.560709
0.714296 0.419231
-0.732359 -0.554912
-0.186437 -0.245202
-0.887173 -0.746604
0.395692 0.176571
-0.751593 -0.533259
1.06002 0.66254
-0.870926 -0.709118
-0.756196 -0.611728
-0.959028 -0.896159
1.44284 1.0181
-0.833554 -0.623048
1.3825 0.903448
-0.842053 -0.683912
0.775172 0.435414
-0.740546 -0.45373
-0.768092 -0.619504
-0.968515 -0.894813
-0.0925883 -0.174768
-0.89398 -0.802327
0.378383 0.170985
-0.77332 -0.557882
0.9833 0.688796
-0.854314 -0.699145
-0.749768 -0.616138
-0.962649 -0.910471
1.47054 1.03248
-0.83727 -0.655691
0.792133 0.455308
-0.734627 -0.5091
-0.149075 -0.22529
-0.892517 -0.760186
0.435298 0.21342
-0.750305 -0.546841
1.12312 0.708242
-0.871006 -0.713524
-0.129535 -0.207704
-0.884994 -0.751214
0.463143 0.208824
-0.745312 -0.533659
1.1253 0.72951
-0.870914 -0.706076
-0.741786 -0.605989
-0.96852 -0.926083
1.49996 1.08932
-0.837729 -0.653651
0.820894 0.470221
-0.732256 -0.460528
-0.745882 -0.616658
-0.974868 -0.910397
1.42815 1.11454
-0.829136 -0.64729
0.808041 0.464413
-0.731259 -0.562128
-0.146904 -0.237836
-0.892334 -0.778176
0.440804 0.215414
-0.753564 -0.541865
1.1071 0.721211
-0.873091 -0.733012
0.827652 0.513688
-0.734358 -0.497274
-0.148548 -0.208208
-0.894784 -0.768269
0.435875 0.222828
-0.7587 -0.555726
0.918481 0.701034
-0.922143 -0.729039
-0.744266 -0.609892
-0.967673 -0.91194
1.50912 1.04796
-0.832947 -0.557943
-0.115684 -0.256802
-0.886814 -0.757771
0.473497 0.224061
-0.743004 -0.523694
1.13387 0.712794
-0.867258 -0.711588
-0.738726 -0.605038
-0.966563 -0.93992
1.51295 1.09288
-0.827674 -0.660976
0.826815 0.46277
-0.727235 -0.472171
-0.75288 -0.62615
-0.971913 -0.91324
-0.0607743 -0.174023
-0.874285 -0.806579
0.467714 0.201181
-0.744572 -0.536509
1.11527 0.739094
-0.865968 -0.726393
1.42181 0.961939
-0.836003 -0.685717
0.807677 0.494039
-0.728197 -0.564249
1.08592 0.694176
-0.869715 -0.724797
-0.744821 -0.611879
-0.972914 -0.937368
1.46703 1.05253
-0.825025 -0.662211
0.780446 0.446183
-0.726061 -0.497194
-0.177927 -0.244225
-0.889417 -0.770461
0.376372 0.175602
-0.749001 -0.509464
-0.18071 -0.255506
-0.888533 -0.758343
0.344015 0.168899
-0.751714 -0.551723
0.889713 0.603132
-0.907358 -0.726081
-0.782606 -0.639122
-0.977262 -0.923106
1.08266 0.950862
-0.862988 -0.689583
0.495009 0.358017
-0.766219 -0.632405
0.441851 0.331374
-0.77306 -0.581356
-0.334015 -0.308653
-0.926221 -0.784341
0.130307 0.0819275
-0.778731 -0.570051
0.648716 0.500783
-0.912537 -0.729033
-0.798041 -0.660481
-0.960021 -0.91381
1.09507 0.830237
-0.841786 -0.665507
1.05256 0.741811
-0.848037 -0.725288
0.521873 0.292355
-0.748609 -0.519256
-0.808291 -0.649824
-0.960885 -0.887668
-0.251189 -0.303704
-0.898229 -0.80981
0.180272 0.0290338
-0.764625 -0.562082
0.743772 0.463641
-0.876159 -0.725447
-0.802197 -0.656434
-0.955331 -0.903206
1.06333 0.784832
-0.843234 -0.701506
0.494779 0.269184
-0.749075 -0.543879
-0.324049 -0.335688
-0.905845 -0.773855
0.147569 0.0271848
-0.771542 -0.573692
0.716621 0.452564
-0.8803 -0.740558
-0.311718 -0.325139
-0.906112 -0.784389
0.145548 0.011331
-0.77157 -0.574799
0.700998 0.448173
-0.879786 -0.727651
-0.810036 -0.650152
-0.955722 -0.911745
0.991616 0.724783
-0.840876 -0.695477
0.438195 0.233956
-0.746781 -0.520503
-0.930698 -0.745703
-0.937673 -0.885331
0.778904 0.645341
-0.793021 -0.616158
0.442196 0.269557
-0.695587 -0.51349
-0.204427 -0.201508
-0.867096 -0.772786
0.272118 0.168922
-0.655692 -0.519627
0.868064 0.671773
-0.794606 -0.704948
0.516585 0.383327
-0.632248 -0.466683
-0.219452 -0.223211
-0.860554 -0.763474
0.209384 0.122389
-0.535138 -0.452852
0.733488 0.473626
-0.677764 -0.61694
-0.901928 -0.74548
-0.942724 -0.907575
0.886399 0.654815
-0.586426 -0.489285
-0.282937 -0.363392
-0.774394 -0.71525
0.112704 -0.0104428
-0.467558 -0.375271
0.652953 0.420517
-0.693787 -0.635726
-0.897783 -0.745808
-0.958405 -0.924604
0.839854 0.680419
-0.580784 -0.530205
0.336795 0.148007
-0.450369 -0.30429
-0.903048 -0.753391
-0.962309 -0.91087
-0.256315 -0.278087
-0.752816 -0.736555
0.116738 -0.0282912
-0.454523 -0.36815
0.652794 0.472812
-0.657577 -0.643397
0.762958 0.582488
-0.563239 -0.551988
0.314811 0.172272
-0.399517 -0.353495
0.554579 0.36264
-0.661924 -0.624795
-0.903816 -0.753142
-0.961211 -0.931527
0.775497 0.634049
-0.529766 -0.4867
0.309522 0.135462
-0.409711 -0.300374
-0.309159 -0.338928
-0.774541 -0.739828
0.0718599 -0.0247378
-0.411802 -0.299456
-0.29417 -0.338331
-0.766765 -0.730907
0.0913677 -0.00236731
-0.425292 -0.304684
0.536002 0.33052
-0.673282 -0.550072
-0.912664 -0.696495
-0.972093 -0.838446
0.635533 0.517422
-0.593391 -0.4721
