-0.70726 -0.546858
-0.896498 -0.813151
1.84966 0.869391
-0.522108 -0.352605
1.15988 0.338438
-0.326456 -0.114891
0.0506817 -0.189917
-0.747806 -0.619974
0.730706 0.258241
-0.401518 -0.302497
0.0667474 -0.158676
-0.745935 -0.649283
0.73738 0.234031
-0.396236 -0.305966
1.46255 0.72445
-0.633557 -0.568937
-0.709339 -0.605464
-0.894435 -0.903159
1.84156 1.11756
-0.525616 -0.476259
1.15189 0.501799
-0.337207 -0.298769
1.1028 0.500268
-0.34362 -0.278712
0.0365745 -0.155064
-0.753743 -0.67558
0.717117 0.264759
-0.410872 -0.31216
1.43642 0.753953
-0.64424 -0.568818
-0.714342 -0.578488
-0.894734 -0.913841
1.80825 1.1559
-0.535163 -0.473956
1.7755 1.03992
-0.544182 -0.52867
1.11848 0.535108
-0.353143 -0.174366
-0.731405 -0.585802
-0.899161 -0.846091
0.10634 -0.118903
-0.743486 -0.728741
0.725439 0.273359
-0.411101 -0.328074
1.43976 0.766088
-0.642208 -0.58681
-0.71499 -0.594348
-0.894463 -0.909533
1.81927 1.16181
-0.537199 -0.498154
1.14697 0.569967
-0.350837 -0.237503
0.045063 -0.167647
-0.752115 -0.666116
0.727182 0.30177
-0.416189 -0.316588
1.46282 0.785728
-0.644445 -0.581726
0.0784749 -0.141576
-0.746464 -0.67901
0.746702 0.292471
-0.412646 -0.308062
1.4895 0.8217
-0.64337 -0.571267
-0.709355 -0.605692
-0.89577 -0.912479
1.85303 1.22205
-0.539556 -0.490068
1.16604 0.552924
-0.356113 -0.12347
-1.07119 -0.657807
0.762536 -0.426676
1.12378 -0.146138
9.2796 4.2717
0.332626 -0.906875
9.20862 6.52462
-0.316464 -1.10844
1.95631 0.351038
0.231516 -0.679623
2.90015 2.35075
0.978358 -0.0751588
1.5031 0.646973
0.670334 -0.209783
2.22896 1.82107
-0.161097 -0.610213
0.481699 -0.131563
0.310823 -0.446827
3.447 2.00192
0.814853 -0.24861
2.83936 1.24696
-0.982257 -0.99573
-0.416755 -0.800959
1.00564 -0.0871217
3.71891 2.02308
-0.253831 -0.807317
1.20491 0.17812
0.2082 -0.596197
2.99258 2.07165
0.848102 -0.142252
1.45492 0.6458
-0.935704 -0.945444
-0.691897 -0.835901
1.11199 0.213095
1.90542 1.16601
0.591238 -0.244852
2.05234 1.77103
-0.927047 -0.934871
-0.768167 -0.872089
-0.130021 -0.490565
0.439007 -0.0777834
0.311794 -0.346276
1.71508 1.33807
0.929151 0.0811907
0.982134 0.320788
1.09171 0.200686
1.44622 0.791513
0.609122 -0.167888
1.97745 1.56233
0.873211 0.0396316
0.792559 0.264252
-0.911631 -0.843567
-0.776332 -0.854649
1.15657 0.343182
1.44029 0.880099
0.623016 -0.128502
1.57904 1.36179
-0.14195 -0.522284
0.0368318 -0.303367
0.329051 -0.287816
1.46023 1.13015
-0.126921 -0.487063
0.0601934 -0.285137
0.352213 -0.26188
1.35763 1.05146
0.952571 0.171805
0.548289 0.14765
-0.898415 -0.796491
-0.837151 -0.88358
1.21581 0.486136
0.901549 0.595688
0.680889 0.0246666
1.4512 1.1496
0.668538 -0.0336917
1.21177 1.15033
-0.112495 -0.455819
-0.144238 -0.377782
0.373013 -0.180965
1.05679 0.82092
0.968656 0.240539
0.467344 0.102636
-0.898305 -0.756225
-0.838167 -0.866841
1.21844 0.517408
0.925712 0.558974
1.16221 0.38248
0.847753 0.430252
0.65899 0.00906343
1.33595 1.16424
-0.901706 -0.823312
-0.86982 -0.87324
-0.0508189 -0.339345
-0.0352096 -0.295557
0.39115 -0.151638
0.847506 0.707074
1.00696 0.302151
0.240268 -0.0475755
-0.883233 -0.719606
-0.867547 -0.896101
1.26486 0.602398
0.739729 0.467484
0.723585 0.0725546
1.15799 0.896571
-0.0998775 -0.420185
-0.142011 -0.384211
0.401312 -0.138151
1.0548 0.797203
1.01026 0.294269
0.318078 -0.0314805
-0.0591944 -0.372032
-0.220476 -0.434697
0.437612 -0.0521531
0.943457 0.605176
1.02744 0.300814
0.398585 -0.00484853
-0.892276 -0.747804
-0.863502 -0.885473
1.29037 0.598123
0.881471 0.452842
0.741507 0.0332652
1.27876 1.00421
-0.806378 -0.775592
-0.943883 -0.900437
0.842336 0.53598
-0.820431 -0.512044
0.438775 0.0814602
-0.733586 -0.302667
-0.334288 -0.337717
-0.895058 -0.562066
0.182712 -0.0435546
-0.75998 -0.406926
