-0.70726 -0.565015
-0.896498 -0.817528
1.84966 0.903602
-0.522108 -0.394617
1.15988 0.363523
-0.326456 -0.170681
0.0506817 -0.207237
-0.747806 -0.644347
0.730706 0.243077
-0.401518 -0.333377
0.0667474 -0.176112
-0.745935 -0.665796
0.73738 0.224191
-0.396236 -0.331474
1.46255 0.719423
-0.633557 -0.586668
-0.709339 -0.613917
-0.894435 -0.888519
1.84156 1.11011
-0.525616 -0.489742
1.15189 0.497588
-0.337207 -0.316227
1.1028 0.490225
-0.34362 -0.302654
0.0365745 -0.176051
-0.753743 -0.688737
0.717117 0.25048
-0.410872 -0.336743
1.43642 0.744922
-0.64424 -0.586217
-0.714342 -0.590119
-0.894734 -0.898371
1.80825 1.14201
-0.535163 -0.485386
1.7755 1.03051
-0.544182 -0.534796
1.11848 0.523649
-0.353143 -0.218497
-0.731405 -0.601625
-0.899161 -0.848553
0.10634 -0.134971
-0.743486 -0.730245
0.725439 0.2617
-0.411101 -0.349276
1.43976 0.755136
-0.642208 -0.602057
-0.71499 -0.604907
-0.894463 -0.894742
1.81927 1.14844
-0.537199 -0.506624
1.14697 0.558521
-0.350837 -0.268841
0.045063 -0.186758
-0.752115 -0.680141
0.727182 0.286121
-0.416189 -0.339366
1.46282 0.777828
-0.644445 -0.594897
0.0784749 -0.158795
-0.746464 -0.690096
0.746702 0.282179
-0.412646 -0.330848
1.4895 0.812286
-0.64337 -0.587646
-0.709355 -0.615371
-0.89577 -0.897262
1.85303 1.211
-0.539556 -0.498639
1.16604 0.551614
-0.356113 -0.174769
-1.07119 -0.674897
0.762536 -0.379673
1.12378 -0.0761826
9.2796 4.28442
0.332626 -0.754787
9.20862 6.41793
-0.316464 -0.984588
1.95631 0.383712
0.231516 -0.6009
2.90015 2.31695
0.978358 -0.00995527
1.5031 0.647456
0.670334 -0.150732
2.22896 1.75642
-0.161097 -0.567147
0.481699 -0.127951
0.310823 -0.394674
3.447 1.93916
0.814853 -0.186341
2.83936 1.23054
-0.982257 -0.947948
-0.416755 -0.767842
1.00564 -0.0357081
3.71891 1.99669
-0.253831 -0.744687
1.20491 0.19093
0.2082 -0.530642
2.99258 2.0236
0.848102 -0.0808677
1.45492 0.626303
-0.935704 -0.90513
-0.691897 -0.815684
1.11199 0.246039
1.90542 1.13743
0.591238 -0.188339
2.05234 1.69377
-0.927047 -0.892911
-0.768167 -0.857251
-0.130021 -0.469016
0.439007 -0.0809833
0.311794 -0.311574
1.71508 1.29828
0.929151 0.119354
0.982134 0.314243
1.09171 0.237103
1.44622 0.767103
0.609122 -0.121755
1.97745 1.50819
0.873211 0.0805855
0.792559 0.243728
-0.911631 -0.819735
-0.776332 -0.840745
1.15657 0.365447
1.44029 0.850802
0.623016 -0.085167
1.57904 1.30383
-0.14195 -0.489671
0.0368318 -0.306289
0.329051 -0.255877
1.46023 1.08261
-0.126921 -0.462113
0.0601934 -0.287535
0.352213 -0.231661
1.35763 1.01577
0.952571 0.204626
0.548289 0.127757
-0.898415 -0.779436
-0.837151 -0.869444
1.21581 0.506331
0.901549 0.567153
0.680889 0.0580909
1.4512 1.0962
0.668538 0.00347719
1.21177 1.08825
-0.112495 -0.429203
-0.144238 -0.38281
0.373013 -0.156541
1.05679 0.787744
0.968656 0.267018
0.467344 0.0818026
-0.898305 -0.74543
-0.838167 -0.854168
1.21844 0.535342
0.925712 0.535131
1.16221 0.409908
0.847753 0.406369
0.65899 0.0406172
1.33595 1.09898
-0.901706 -0.79898
-0.86982 -0.86527
-0.0508189 -0.32708
-0.0352096 -0.300793
0.39115 -0.131601
0.847506 0.677876
1.00696 0.326256
0.240268 -0.066546
-0.883233 -0.711798
-0.867547 -0.880669
1.26486 0.61804
0.739729 0.442031
0.723585 0.100926
1.15799 0.847299
-0.0998775 -0.401786
-0.142011 -0.387571
0.401312 -0.116007
1.0548 0.766223
1.01026 0.316575
0.318078 -0.0456384
-0.0591944 -0.360114
-0.220476 -0.43889
0.437612 -0.0420847
0.943457 0.581502
1.02744 0.319254
0.398585 -0.0212421
-0.892276 -0.741089
-0.863502 -0.874334
1.29037 0.610464
0.881471 0.432026
0.741507 0.0624751
1.27876 0.948696
-0.806378 -0.761279
-0.943883 -0.892135
0.842336 0.522242
-0.820431 -0.680392
0.438775 0.147092
-0.733586 -0.519885
-0.334288 -0.391319
-0.895058 -0.781494
0.182712 -0.00729379
-0.75998 -0.553101
0.825302 0.447689
-0.865265 -0.733575
0.614397 0.311036
-0.737915 -0.506666
-0.257416 -0.329407
-0.892905 -0.779937
0.274937 0.0733559
-0.759519 -0.541847
0.912474 0.533382
-0.861821 -0.719645
-0.780663 -0.64886
-0.937899 -0.905573
1.28545 0.888306
-0.808851 -0.602016
-0.227611 -0.335103
-0.929391 -0.775827
0.199419 0.107746
-0.777064 -0.561308
0.75315 0.566568
-0.902267 -0.737184
-0.793352 -0.639777
-0.967548 -0.933433
1.0932 0.970785
-0.870064 -0.707868
0.52266 0.4021
-0.778983 -0.51137
-0.803057 -0.652859
-0.92872 -0.868776
-0.158843 -0.247365
-0.878307 -0.808226
0.349646 0.095818
-0.749206 -0.551735
0.977369 0.579512
-0.866134 -0.733782
1.29745 0.77556
-0.833173 -0.674159
0.715708 0.403308
-0.731919 -0.558888
0.981861 0.608222
-0.872682 -0.711791
-0.772184 -0.615607
-0.94702 -0.882681
1.37122 0.926148
-0.830506 -0.649693
0.733025 0.384199
-0.724432 -0.483093
-0.198802 -0.260268
-0.884741 -0.760878
0.380286 0.158777
-0.748985 -0.513068
-0.172434 -0.243878
-0.880252 -0.748702
0.38391 0.178227
-0.743699 -0.534394
1.03651 0.633245
-0.85964 -0.693226
-0.762775 -0.605643
-0.950658 -0.889906
1.40122 0.966228
-0.826972 -0.650973
0.757841 0.433815
-0.730802 -0.561712
0.714296 0.424195
-0.732359 -0.554724
-0.186437 -0.243342
-0.887173 -0.749999
0.395692 0.182001
-0.751593 -0.535274
1.06002 0.673918
-0.870926 -0.711593
-0.756196 -0.610487
-0.959028 -0.899259
1.44284 1.02735
-0.833554 -0.626006
1.3825 0.910484
-0.842053 -0.686919
0.775172 0.442136
-0.740546 -0.45451
-0.768092 -0.61808
-0.968515 -0.895639
-0.0925883 -0.169449
-0.89398 -0.803761
0.378383 0.176866
-0.77332 -0.56022
0.9833 0.700249
-0.854314 -0.701637
-0.749768 -0.615159
-0.962649 -0.913861
1.47054 1.0465
-0.83727 -0.660245
0.792133 0.462131
-0.734627 -0.510891
-0.149075 -0.223266
-0.892517 -0.76391
0.435298 0.21907
-0.750305 -0.549058
1.12312 0.719403
-0.871006 -0.716475
-0.129535 -0.205299
-0.884994 -0.754219
0.463143 0.21485
-0.745312 -0.535946
1.1253 0.741233
-0.870914 -0.708719
-0.741786 -0.605001
-0.96852 -0.929706
1.49996 1.10362
-0.837729 -0.658396
0.820894 0.477274
-0.732256 -0.461684
-0.745882 -0.615759
-0.974868 -0.914029
1.42815 1.12854
-0.829136 -0.652372
0.808041 0.470875
-0.731259 -0.564659
-0.146904 -0.235876
-0.892334 -0.781957
0.440804 0.221018
-0.753564 -0.544135
1.1071 0.729907
-0.873091 -0.739036
0.827652 0.519697
-0.734358 -0.499077
-0.148548 -0.206126
-0.894784 -0.772143
0.435875 0.228574
-0.7587 -0.557899
0.918481 0.712652
-0.922143 -0.731802
-0.744266 -0.608674
-0.967673 -0.915311
1.50912 1.06466
-0.832947 -0.560539
-0.115684 -0.253834
-0.886814 -0.761697
0.473497 0.229919
-0.743004 -0.525833
1.13387 0.724429
-0.867258 -0.714253
-0.738726 -0.603994
-0.966563 -0.943544
1.51295 1.10716
-0.827674 -0.665693
0.826815 0.469827
-0.727235 -0.473199
-0.75288 -0.624655
-0.971913 -0.914268
-0.0607743 -0.168685
-0.874285 -0.808
0.467714 0.207258
-0.744572 -0.538902
1.11527 0.745782
-0.865968 -0.732266
1.42181 0.970898
-0.836003 -0.690654
0.807677 0.497901
-0.728197 -0.567948
1.08592 0.703055
-0.869715 -0.727986
-0.744821 -0.6108
-0.972914 -0.94084
1.46703 1.06661
-0.825025 -0.666803
0.780446 0.452824
-0.726061 -0.49884
-0.177927 -0.242382
-0.889417 -0.774115
0.376372 0.183137
-0.749001 -0.509292
-0.18071 -0.252929
-0.888533 -0.761576
0.344015 0.174543
-0.751714 -0.55355
0.889713 0.614261
-0.907358 -0.728526
-0.782606 -0.63802
-0.977262 -0.926223
1.08266 0.964658
-0.862988 -0.693985
0.495009 0.36229
-0.766219 -0.633189
0.441851 0.335918
-0.77306 -0.580889
-0.334015 -0.306746
-0.926221 -0.787508
0.130307 0.087374
-0.778731 -0.571623
0.648716 0.511478
-0.912537 -0.73116
-0.798041 -0.659269
-0.960021 -0.916339
1.09507 0.838066
-0.841786 -0.638554
1.05256 0.69869
-0.848037 -0.669666
0.521873 0.263631
-0.748609 -0.429856
-0.808291 -0.619685
-0.960885 -0.860149
