-0.70726 -0.554825
-0.896498 -0.815469
1.84966 0.884168
-0.522108 -0.37215
1.15988 0.349608
-0.326456 -0.140257
0.0506817 -0.197425
-0.747806 -0.631148
0.730706 0.251366
-0.401518 -0.317096
0.0667474 -0.166202
-0.745935 -0.656793
0.73738 0.229958
-0.396236 -0.318504
1.46255 0.721925
-0.633557 -0.577366
-0.709339 -0.609238
-0.894435 -0.897619
1.84156 1.11427
-0.525616 -0.483614
1.15189 0.500945
-0.337207 -0.307616
1.1028 0.496526
-0.34362 -0.290138
0.0365745 -0.163912
-0.753743 -0.681486
0.717117 0.25873
-0.410872 -0.324296
1.43642 0.749662
-0.64424 -0.577104
-0.714342 -0.583623
-0.894734 -0.907878
1.80825 1.15168
-0.535163 -0.481682
1.7755 1.03765
-0.544182 -0.533358
1.11848 0.530388
-0.353143 -0.194305
-0.731405 -0.592957
-0.899161 -0.847443
0.10634 -0.125923
-0.743486 -0.730334
0.725439 0.268385
-0.411101 -0.338669
1.43976 0.760958
-0.642208 -0.594115
-0.71499 -0.598989
-0.894463 -0.903881
1.81927 1.15594
-0.537199 -0.503275
1.14697 0.565261
-0.350837 -0.251897
0.045063 -0.175744
-0.752115 -0.672397
0.727182 0.295124
-0.416189 -0.327955
1.46282 0.782046
-0.644445 -0.588429
0.0784749 -0.148746
-0.746464 -0.684289
0.746702 0.288128
-0.412646 -0.319424
1.4895 0.817248
-0.64337 -0.579085
-0.709355 -0.609951
-0.89577 -0.90668
1.85303 1.21724
-0.539556 -0.49527
1.16604 0.552745
-0.356113 -0.146392
-1.07119 -0.665277
0.762536 -0.405655
1.12378 -0.118879
9.2796 4.28102
0.332626 -0.84721
9.20862 6.47937
-0.316464 -1.05831
1.95631 0.365566
0.231516 -0.646625
2.90015 2.33502
0.978358 -0.0481023
1.5031 0.647388
0.670334 -0.184782
2.22896 1.7919
-0.161097 -0.592123
0.481699 -0.129857
0.310823 -0.42505
3.447 1.97385
0.814853 -0.22328
2.83936 1.24012
-0.982257 -0.975149
-0.416755 -0.786399
1.00564 -0.0656942
3.71891 2.01018
-0.253831 -0.781671
1.20491 0.184251
0.2082 -0.568675
2.99258 2.04956
0.848102 -0.116824
1.45492 0.637069
-0.935704 -0.927899
-0.691897 -0.827296
1.11199 0.227242
1.90542 1.15307
0.591238 -0.221673
2.05234 1.73697
-0.927047 -0.917382
-0.768167 -0.865565
-0.130021 -0.481202
0.439007 -0.0797649
0.311794 -0.332121
1.71508 1.31959
0.929151 0.0973221
0.982134 0.317861
1.09171 0.216447
1.44622 0.780663
0.609122 -0.148294
1.97745 1.53792
0.873211 0.0567259
0.792559 0.255076
-0.911631 -0.833152
-0.776332 -0.848857
1.15657 0.35269
1.44029 0.866645
0.623016 -0.110708
1.57904 1.33604
-0.14195 -0.50843
0.0368318 -0.304557
0.329051 -0.274701
1.46023 1.10808
-0.126921 -0.476773
0.0601934 -0.28622
0.352213 -0.249114
1.35763 1.03467
0.952571 0.185192
0.548289 0.138726
-0.898415 -0.789016
-0.837151 -0.877735
1.21581 0.494941
0.901549 0.582302
0.680889 0.0386549
1.4512 1.1262
0.668538 -0.0183325
1.21177 1.12328
-0.112495 -0.444384
-0.144238 -0.379908
0.373013 -0.170537
1.05679 0.805239
0.968656 0.251237
0.467344 0.0932948
-0.898305 -0.751541
-0.838167 -0.861658
1.21844 0.525695
0.925712 0.547526
1.16221 0.394406
0.847753 0.419625
0.65899 0.0226156
1.33595 1.13499
-0.901706 -0.8133
-0.86982 -0.869769
-0.0508189 -0.333918
-0.0352096 -0.298499
0.39115 -0.143421
0.847506 0.693157
1.00696 0.311949
0.240268 -0.0561506
-0.883233 -0.716001
-0.867547 -0.88957
1.26486 0.609146
0.739729 0.45543
0.723585 0.0843178
1.15799 0.874488
-0.0998775 -0.412257
-0.142011 -0.385552
0.401312 -0.128758
1.0548 0.782418
1.01026 0.30325
0.318078 -0.0381647
-0.0591944 -0.366485
-0.220476 -0.436458
0.437612 -0.0480733
0.943457 0.593725
1.02744 0.308099
0.398585 -0.0122402
-0.892276 -0.74489
-0.863502 -0.880996
1.29037 0.603407
0.881471 0.442926
0.741507 0.0453935
1.27876 0.979461
-0.806378 -0.770101
-0.943883 -0.897394
0.842336 0.530581
-0.820431 -0.675608
0.438775 0.156578
-0.733586 -0.504558
-0.334288 -0.380887
-0.895058 -0.775895
0.182712 0.0044559
-0.75998 -0.540548
0.825302 0.458748
-0.865265 -0.729216
0.614397 0.32479
-0.737915 -0.490776
-0.257416 -0.318694
-0.892905 -0.773928
0.274937 0.08527
-0.759519 -0.528979
0.912474 0.544286
-0.861821 -0.711211
-0.780663 -0.641338
-0.937899 -0.912109
1.28545 0.897578
-0.808851 -0.588253
-0.227611 -0.329824
-0.929391 -0.768635
0.199419 0.118499
-0.777064 -0.550359
0.75315 0.57662
-0.902267 -0.728766
-0.793352 -0.63202
-0.967548 -0.941243
1.0932 0.981094
-0.870064 -0.70581
0.52266 0.412585
-0.778983 -0.492943
-0.803057 -0.644541
-0.92872 -0.870308
-0.158843 -0.238518
-0.878307 -0.808218
0.349646 0.10399
-0.749206 -0.541391
0.977369 0.58825
-0.866134 -0.731948
1.29745 0.77886
-0.833173 -0.670861
0.715708 0.4154
-0.731919 -0.552818
0.981861 0.620403
-0.872682 -0.702554
-0.772184 -0.60661
-0.94702 -0.887027
1.37122 0.93188
-0.830506 -0.643515
0.733025 0.393226
-0.724432 -0.466203
-0.198802 -0.247752
-0.884741 -0.755118
0.380286 0.171418
-0.748985 -0.496193
-0.172434 -0.2326
-0.880252 -0.742813
0.38391 0.190805
-0.743699 -0.523781
1.03651 0.640985
-0.85964 -0.683779
-0.762775 -0.597098
-0.950658 -0.894757
1.40122 0.971285
-0.826972 -0.645461
0.757841 0.444416
-0.730802 -0.557729
0.714296 0.438902
-0.732359 -0.546182
-0.186437 -0.230781
-0.887173 -0.74301
0.395692 0.194559
-0.751593 -0.524565
1.06002 0.682311
-0.870926 -0.702656
-0.756196 -0.602045
-0.959028 -0.904206
1.44284 1.03714
-0.833554 -0.61949
1.3825 0.917968
-0.842053 -0.685055
0.775172 0.453749
-0.740546 -0.432228
-0.768092 -0.608333
-0.968515 -0.895346
-0.0925883 -0.15857
-0.89398 -0.801792
0.378383 0.186248
-0.77332 -0.551402
0.9833 0.70978
-0.854314 -0.693361
-0.749768 -0.607103
-0.962649 -0.919719
1.47054 1.05417
-0.83727 -0.655911
0.792133 0.472969
-0.734627 -0.496592
-0.149075 -0.21117
-0.892517 -0.687079
0.435298 0.167226
-0.750305 -0.328368
1.12312 0.555963
-0.871006 -0.556368
-0.129535 -0.202105
-0.884994 -0.606908
