-0.70726 -0.56976
-0.896498 -0.814029
1.84966 0.984357
-0.522108 -0.388617
1.15988 0.439593
-0.326456 -0.171147
0.0506817 -0.186287
-0.747806 -0.630538
0.730706 0.273246
-0.401518 -0.325888
0.0667474 -0.15233
-0.745935 -0.641415
0.73738 0.277055
-0.396236 -0.294677
1.46255 0.779387
-0.633557 -0.568133
-0.709339 -0.620553
-0.894435 -0.868286
1.84156 1.19153
-0.525616 -0.432721
1.15189 0.606681
-0.337207 -0.26588
1.1028 0.585093
-0.34362 -0.274996
0.0365745 -0.14181
-0.753743 -0.659978
0.717117 0.302661
-0.410872 -0.299509
1.43642 0.804726
-0.64424 -0.566983
-0.714342 -0.595519
-0.894734 -0.875811
1.80825 1.28915
-0.535163 -0.451206
1.7755 1.18946
-0.544182 -0.498825
1.11848 0.601593
-0.353143 -0.197223
-0.731405 -0.61418
-0.899161 -0.862402
0.10634 -0.130812
-0.743486 -0.726261
0.725439 0.312703
-0.411101 -0.308703
1.43976 0.814931
-0.642208 -0.582008
-0.71499 -0.610109
-0.894463 -0.872762
1.81927 1.2306
-0.537199 -0.446587
1.14697 0.641731
-0.350837 -0.230396
0.045063 -0.154263
-0.752115 -0.649846
0.727182 0.339845
-0.416189 -0.29949
1.46282 0.846351
-0.644445 -0.566518
0.0784749 -0.129176
-0.746464 -0.667854
0.746702 0.336479
-0.412646 -0.288641
1.4895 0.876649
-0.64337 -0.565396
-0.709355 -0.619939
-0.89577 -0.87388
1.85303 1.29891
-0.539556 -0.435345
1.16604 0.63924
-0.356113 -0.14411
-1.07119 -0.650481
0.762536 -0.290146
1.12378 0.0703586
9.2796 4.7567
0.332626 -0.49926
9.20862 6.86176
-0.316464 -0.800577
1.95631 0.516283
0.231516 -0.468842
2.90015 2.48683
0.978358 0.150557
1.5031 0.802743
0.670334 -0.00519462
2.22896 1.8752
-0.161097 -0.474782
0.481699 -0.0539177
0.310823 -0.293933
3.447 2.08653
0.814853 -0.0562531
2.83936 1.36364
-0.982257 -0.890288
-0.416755 -0.722333
1.00564 0.0664531
3.71891 2.07796
-0.253831 -0.696257
1.20491 0.24486
0.2082 -0.421665
2.99258 1.83243
0.848102 -0.00323792
1.45492 0.562984
