-0.70726 -0.506615
-0.896498 -0.770471
1.84966 0.743956
-0.522108 -0.260593
1.15988 0.25315
-0.326456 -0.0197952
0.0506817 -0.17344
-0.747806 -0.553304
0.730706 0.250109
-0.401518 -0.233527
0.0667474 -0.144424
-0.745935 -0.597636
0.73738 0.210583
-0.396236 -0.237396
1.46255 0.6743
-0.633557 -0.512761
-0.709339 -0.576664
-0.894435 -0.875427
1.84156 1.04216
-0.525616 -0.413703
1.15189 0.440884
-0.337207 -0.24644
1.1028 0.45496
-0.34362 -0.223996
0.0365745 -0.139151
-0.753743 -0.630304
0.717117 0.246965
-0.410872 -0.244641
1.43642 0.70887
-0.64424 -0.513097
-0.714342 -0.546629
-0.894734 -0.887879
1.80825 1.05499
-0.535163 -0.390417
1.7755 0.939845
-0.544182 -0.465187
1.11848 0.496069
-0.353143 -0.0999085
-0.731405 -0.543247
-0.899161 -0.808501
0.10634 -0.109037
-0.743486 -0.685068
0.725439 0.252482
-0.411101 -0.266168
1.43976 0.723371
-0.642208 -0.534295
-0.71499 -0.563782
-0.894463 -0.882477
1.81927 1.09331
-0.537199 -0.443122
1.14697 0.528956
-0.350837 -0.177859
0.045063 -0.152753
-0.752115 -0.619971
0.727182 0.284396
-0.416189 -0.251148
1.46282 0.735065
-0.644445 -0.525964
0.0784749 -0.133715
-0.746464 -0.631658
0.746702 0.267691
-0.412646 -0.243132
1.4895 0.773181
-0.64337 -0.5173
-0.709355 -0.575753
-0.89577 -0.885014
1.85303 1.14552
-0.539556 -0.434375
1.16604 0.49465
-0.356113 -0.0427747
-1.07119 -0.610716
0.762536 -0.504525
1.12378 -0.196361
9.2796 3.91648
0.332626 -0.963685
9.20862 6.27159
-0.316464 -1.16976
1.95631 0.25599
0.231516 -0.751387
2.90015 2.26731
0.978358 -0.159789
1.5031 0.588986
0.670334 -0.290108
2.22896 1.81683
-0.161097 -0.644729
0.481699 -0.150447
0.310823 -0.500027
3.447 1.97975
0.814853 -0.310659
2.83936 1.17449
-0.982257 -1.02538
-0.416755 -0.827694
1.00564 -0.161084
3.71891 1.95262
-0.253831 -0.841658
1.20491 0.118494
0.2082 -0.658777
2.99258 2.02958
0.848102 -0.219346
1.45492 0.624025
-0.935704 -0.972181
-0.691897 -0.833828
1.11199 0.134334
1.90542 1.13539
0.591238 -0.305612
2.05234 1.77765
-0.927047 -0.948995
-0.768167 -0.866454
-0.130021 -0.516643
0.439007 -0.0770091
0.311794 -0.378841
1.71508 1.32603
0.929151 0.0108235
0.982134 0.298477
1.09171 0.11772
1.44622 0.771922
0.609122 -0.234421
1.97745 1.55517
0.873211 -0.0284861
0.792559 0.266529
-0.911631 -0.852207
-0.776332 -0.840258
1.15657 0.272532
1.44029 0.871413
0.623016 -0.18313
1.57904 1.3647
-0.14195 -0.552988
0.0368318 -0.301098
0.329051 -0.323994
1.46023 1.14451
-0.126921 -0.50411
0.0601934 -0.282599
0.352213 -0.303795
1.35763 1.05171
0.952571 0.110153
0.548289 0.156324
-0.898415 -0.797677
-0.837151 -0.866708
1.21581 0.405887
0.901549 0.607916
0.680889 -0.0335424
1.4512 1.15329
0.668538 -0.0889282
1.21177 1.16366
-0.112495 -0.485304
-0.144238 -0.367285
0.373013 -0.222725
1.05679 0.830653
0.968656 0.18284
0.467344 0.115637
-0.898305 -0.748748
-0.838167 -0.8481
1.21844 0.430543
0.925712 0.568637
1.16221 0.301101
0.847753 0.431698
0.65899 -0.0530576
1.33595 1.19504
-0.901706 -0.821242
-0.86982 -0.855417
-0.0508189 -0.362276
-0.0352096 -0.276986
0.39115 -0.18278
0.847506 0.716739
1.00696 0.241498
0.240268 -0.0277314
-0.883233 -0.713973
-0.867547 -0.882514
1.26486 0.523555
0.739729 0.482751
0.723585 0.0187808
1.15799 0.915389
-0.0998775 -0.440502
-0.142011 -0.377064
0.401312 -0.178067
1.0548 0.806096
1.01026 0.238094
0.318078 -0.0153288
-0.0591944 -0.395198
-0.220476 -0.422439
0.437612 -0.0775696
0.943457 0.610932
1.02744 0.250063
0.398585 0.00703738
-0.892276 -0.734761
-0.863502 -0.862466
1.29037 0.525235
0.881471 0.459252
0.741507 -0.0194563
1.27876 1.02433
-0.806378 -0.757469
-0.943883 -0.86793
0.842336 0.500963
-0.820431 -0.610915
0.438775 0.157345
-0.733586 -0.423176
-0.334288 -0.347561
-0.895058 -0.727018
0.182712 0.0232328
-0.75998 -0.451832
0.825302 0.442348
-0.865265 -0.671981
0.614397 0.32265
-0.737915 -0.406035
-0.257416 -0.288834
-0.892905 -0.723787
0.274937 0.0986575
-0.759519 -0.438484
0.912474 0.538834
-0.861821 -0.644321
-0.780663 -0.597141
-0.937899 -0.883262
1.28545 0.873813
-0.808851 -0.490411
-0.227611 -0.318158
-0.929391 -0.714302
0.199419 0.124269
-0.777064 -0.46567
0.75315 0.564312
-0.902267 -0.661156
-0.793352 -0.588582
-0.967548 -0.915066
1.0932 0.93978
-0.870064 -0.641772
0.52266 0.39643
-0.778983 -0.403671
-0.803057 -0.596315
-0.92872 -0.842293
-0.158843 -0.215079
-0.878307 -0.76294
0.349646 0.10166
-0.749206 -0.458955
0.977369 0.548738
-0.866134 -0.67103
1.29745 0.703621
-0.833173 -0.609376
0.715708 0.388408
-0.731919 -0.48993
0.981861 0.598356
-0.872682 -0.636421
-0.772184 -0.558536
-0.94702 -0.849479
1.37122 0.876635
-0.830506 -0.566754
0.733025 0.374032
-0.724432 -0.378964
-0.198802 -0.218008
-0.884741 -0.707479
0.380286 0.19059
-0.748985 -0.401124
-0.172434 -0.20535
-0.880252 -0.691928
0.38391 0.199038
-0.743699 -0.440794
1.03651 0.615954
-0.85964 -0.613354
-0.762775 -0.552031
-0.950658 -0.859116
1.40122 0.909762
-0.826972 -0.569858
0.757841 0.412345
-0.730802 -0.491253
0.714296 0.427519
-0.732359 -0.473977
-0.186437 -0.203393
-0.887173 -0.690229
0.395692 0.200016
-0.751593 -0.440425
1.06002 0.656308
-0.870926 -0.633076
-0.756196 -0.557189
-0.959028 -0.867653
1.44284 0.95738
-0.833554 -0.513442
1.3825 0.833625
-0.842053 -0.611575
0.775172 0.437363
-0.740546 -0.329503
-0.768092 -0.557683
-0.968515 -0.858686
-0.0925883 -0.1333
-0.89398 -0.74753
0.378383 0.181127
-0.77332 -0.47412
0.9833 0.686604
-0.854314 -0.627564
-0.749768 -0.565101
-0.962649 -0.887105
1.47054 0.99835
-0.83727 -0.583258
0.792133 0.454077
-0.734627 -0.416724
-0.149075 -0.184744
-0.892517 -0.708557
0.435298 0.237804
-0.750305 -0.459435
1.12312 0.700385
-0.871006 -0.64176
-0.129535 -0.1699
-0.884994 -0.689034
0.463143 0.221206
-0.745312 -0.443998
1.1253 0.727133
-0.870914 -0.63283
-0.741786 -0.551269
-0.96852 -0.90531
1.49996 1.05351
-0.837729 -0.582115
0.820894 0.465896
-0.732256 -0.342719
-0.745882 -0.561366
-0.974868 -0.881978
1.42815 1.09418
-0.829136 -0.577809
0.808041 0.469364
-0.731259 -0.491145
-0.146904 -0.204448
-0.892334 -0.738039
0.440804 0.239942
-0.753564 -0.451319
1.1071 0.693316
-0.873091 -0.685388
0.827652 0.517868
-0.734358 -0.403763
-0.148548 -0.163179
-0.894784 -0.719788
0.435875 0.244405
-0.7587 -0.470884
0.918481 0.697767
-0.922143 -0.653642
-0.744266 -0.556033
-0.967673 -0.884691
1.50912 1.03009
-0.832947 -0.424542
-0.115684 -0.239302
-0.886814 -0.703272
0.473497 0.247102
-0.743004 -0.431849
1.13387 0.70996
-0.867258 -0.639855
-0.738726 -0.551836
-0.966563 -0.925639
1.51295 1.06805
-0.827674 -0.592799
0.826815 0.462275
-0.727235 -0.362798
-0.75288 -0.566728
-0.971913 -0.876933
-0.0607743 -0.140413
-0.874285 -0.764445
0.467714 0.208429
-0.744572 -0.449601
1.11527 0.698931
-0.865968 -0.666977
1.42181 0.901377
-0.836003 -0.627008
0.807677 0.479731
-0.728197 -0.511299
1.08592 0.684004
-0.869715 -0.660512
-0.744821 -0.556823
-0.972914 -0.919572
1.46703 1.02599
-0.825025 -0.594673
0.780446 0.44671
-0.726061 -0.404625
-0.177927 -0.19947
-0.889417 -0.720593
0.376372 0.208567
-0.749001 -0.399671
-0.18071 -0.224134
-0.888533 -0.702586
0.344015 0.19365
-0.751714 -0.470358
0.889713 0.600119
-0.907358 -0.652609
-0.782606 -0.589591
-0.977262 -0.901799
1.08266 0.913912
-0.862988 -0.62586
0.495009 0.342749
-0.766219 -0.58429
0.441851 0.332523
-0.77306 -0.498104
-0.334015 -0.269098
-0.926221 -0.729308
0.130307 0.104746
-0.778731 -0.478941
0.648716 0.495423
-0.912537 -0.64905
-0.798041 -0.607457
-0.960021 -0.891126
1.09507 0.784809
-0.841786 -0.569004
1.05256 0.689699
-0.848037 -0.662605
0.521873 0.297311
-0.748609 -0.418864
-0.808291 -0.58721
-0.960885 -0.849584
-0.251189 -0.26718
-0.898229 -0.760841
0.180272 0.0457515
-0.764625 -0.470122
0.743772 0.4646
-0.876159 -0.653372
-0.802197 -0.60339
-0.955331 -0.879823
1.06333 0.766506
-0.843234 -0.642092
0.494779 0.271146
-0.749075 -0.460042
-0.324049 -0.291824
-0.905845 -0.717951
0.147569 0.0528792
-0.771542 -0.481923
0.716621 0.451888
-0.8803 -0.673332
-0.311718 -0.284863
-0.906112 -0.726992
0.145548 0.0308254
-0.77157 -0.484434
0.700998 0.452757
-0.879786 -0.653624
-0.810036 -0.593493
-0.955722 -0.892847
0.991616 0.708463
-0.840876 -0.633084
0.438195 0.23755
-0.746781 -0.422127
-0.930698 -0.689914
-0.937673 -0.855009
0.778904 0.604983
-0.793021 -0.540759
0.442196 0.235395
-0.695587 -0.43222
-0.204427 -0.195349
-0.867096 -0.727458
0.272118 0.137954
-0.655692 -0.452189
0.868064 0.575874
-0.794606 -0.662544
0.516585 0.333801
-0.632248 -0.387647
-0.219452 -0.222332
-0.860554 -0.716699
0.209384 0.0957621
-0.535138 -0.387936
0.733488 0.421365
-0.677764 -0.558016
-0.901928 -0.714022
-0.942724 -0.89102
0.886399 0.601311
-0.586426 -0.401058
-0.282937 -0.370221
-0.774394 -0.680023
0.112704 -0.0219492
-0.467558 -0.305465
0.652953 0.375137
-0.693787 -0.578877
-0.897783 -0.716664
-0.958405 -0.907451
0.839854 0.605084
-0.580784 -0.473131
0.336795 0.112721
-0.450369 -0.203622
-0.903048 -0.72545
-0.962309 -0.885819
-0.256315 -0.288814
-0.752816 -0.702429
0.116738 -0.0556831
-0.454523 -0.299478
0.652794 0.422573
-0.657577 -0.605699
0.762958 0.542056
-0.563239 -0.510312
0.314811 0.154673
-0.399517 -0.309742
0.554579 0.332509
-0.661924 -0.573754
-0.903816 -0.722229
-0.961211 -0.917144
0.775497 0.564646
-0.529766 -0.424091
0.309522 0.114641
-0.409711 -0.218803
-0.309159 -0.329418
-0.774541 -0.709409
0.0718599 -0.0213487
-0.411802 -0.203079
-0.29417 -0.332668
-0.766765 -0.700102
0.0913677 -0.0104909
-0.425292 -0.265467
0.536002 0.356897
-0.673282 -0.554718
-0.912664 -0.745117
-0.972093 -0.939689
0.635533 0.569034
-0.593391 -0.460071
0.191567 0.097941
-0.421925 -0.294923
0.175851 0.0996869
-0.460525 -0.267734
-0.393193 -0.357385
-0.808166 -0.700291
-0.0473262 -0.0676396
-0.486836 -0.276233
0.353877 0.273413
-0.697446 -0.535355
-0.925841 -0.755835
-0.97123 -0.882324
0.512135 0.508155
-0.588931 -0.438221
0.432188 0.32493
-0.60022 -0.514992
0.0959313 -0.00493408
-0.433108 -0.126854
-0.934945 -0.746665
-0.976371 -0.922349
-0.37682 -0.297307
-0.77113 -0.702734
-0.0932359 -0.12523
-0.511842 -0.2182
0.308577 0.253111
-0.713832 -0.585063
-0.925967 -0.713666
-0.977007 -0.921635
0.535884 0.503848
-0.569943 -0.430745
0.129155 0.0551654
-0.41982 -0.193473
-0.41877 -0.368219
-0.738408 -0.653256
0.1544 0.0114262
-0.268314 -0.148746
0.700545 0.398105
-0.571736 -0.530131
-0.238196 -0.28845
-0.746009 -0.663213
0.172713 0.0245262
-0.281939 -0.174467
0.710811 0.349386
-0.551844 -0.525904
-0.89705 -0.712556
-0.963149 -0.933257
0.925886 0.636775
-0.36501 -0.335827
0.483345 0.15217
-0.122929 0.0124598
-0.896576 -0.713387
-0.966167 -0.934616
0.99472 0.686732
-0.38483 -0.352161
0.491673 0.17937
-0.191381 -0.0970577
-0.2163 -0.289587
-0.734335 -0.672554
0.235178 0.036142
-0.211913 -0.13775
0.80199 0.451348
-0.535613 -0.539703
0.52563 0.258781
-0.134688 -0.0571426
-0.214074 -0.303546
-0.716418 -0.645767
0.219165 0.0359605
-0.265403 -0.137097
0.746876 0.41101
-0.558279 -0.497066
-0.89203 -0.704833
-0.966379 -0.927122
0.92285 0.651466
-0.369448 -0.246725
-0.230544 -0.337906
-0.737151 -0.655301
0.173723 0.0293146
-0.279448 -0.139417
0.698786 0.391322
-0.57042 -0.50057
-0.893104 -0.699051
-0.970344 -0.927071
0.90006 0.676328
-0.391176 -0.342382
0.42655 0.169356
-0.241508 -0.0417778
-0.899359 -0.718804
-0.975262 -0.920754
-0.197288 -0.236647
-0.691394 -0.655163
0.18879 -0.0116525
-0.264902 -0.139561
0.72861 0.463665
-0.543183 -0.552395
0.885945 0.611051
-0.387933 -0.406024
0.431854 0.213568
-0.163437 -0.13985
0.666624 0.393823
-0.555659 -0.516276
-0.897969 -0.718053
-0.968951 -0.929818
0.890953 0.65193
-0.343002 -0.300608
0.421274 0.163436
-0.207442 -0.0737962
-0.247626 -0.294141
-0.733162 -0.665732
0.179346 0.0272892
-0.224569 -0.0702349
-0.225385 -0.279574
-0.718652 -0.641938
0.200306 0.045089
-0.225572 -0.119348
0.71274 0.408803
-0.553185 -0.500587
-0.897129 -0.732006
-0.975469 -0.908322
0.897082 0.673094
-0.399806 -0.320404
0.424592 0.198964
-0.175974 -0.164496
0.413975 0.223892
-0.23023 -0.0992372
-0.250484 -0.282318
-0.751585 -0.677987
0.167471 0.0322842
-0.271506 -0.145737
0.668191 0.392366
-0.555304 -0.503619
-0.901581 -0.712662
-0.973977 -0.937415
0.849639 0.660979
-0.38001 -0.32524
0.771721 0.502676
-0.408029 -0.418324
0.361113 0.160335
-0.182861 -0.0352179
-0.911539 -0.754133
-0.981049 -0.916453
-0.224351 -0.253614
-0.700843 -0.659529
0.123509 -0.0317936
-0.316922 -0.159158
0.604045 0.387626
-0.611053 -0.540449
-0.90435 -0.719545
-0.981214 -0.94204
0.767427 0.654388
-0.427685 -0.347839
0.310431 0.147227
-0.23944 -0.0979334
-0.307731 -0.327533
-0.741779 -0.660864
0.0647085 -0.00769811
-0.28587 -0.11541
0.502958 0.355006
-0.606173 -0.523279
-0.314461 -0.312236
-0.776566 -0.667265
0.0253362 -0.0210181
-0.337347 -0.17762
0.435699 0.276524
-0.613962 -0.513104
-0.916134 -0.720303
-0.973749 -0.925923
0.580148 0.555776
-0.462216 -0.353958
0.175143 0.0496331
-0.283595 -0.0212816
-0.899098 -0.691411
-0.955063 -0.914586
0.850195 0.674737
-0.634788 -0.441977
0.337974 0.223572
-0.568916 -0.29425
-0.311027 -0.266946
-0.812752 -0.712158
0.0764793 0.0336771
-0.561197 -0.283001
0.583097 0.469701
-0.705327 -0.604561
0.240581 0.179236
-0.437213 -0.153911
-0.386034 -0.364713
-0.754815 -0.6502
-0.0369924 -0.0664731
-0.467564 -0.186854
0.39422 0.303884
-0.615523 -0.484043
-0.934621 -0.751172
-0.946596 -0.918101
0.473318 0.456957
-0.514418 -0.212186
-0.480659 -0.467818
-0.738659 -0.61271
-0.216365 -0.171357
-0.474952 -0.112795
0.102088 0.156427
-0.697996 -0.498306
-0.956474 -0.764921
-0.965468 -0.925109
0.168437 0.334188
-0.616213 -0.329593
-0.187874 -0.110988
-0.53602 -0.0497795
-0.965738 -0.775571
-0.971685 -0.888981
-0.41238 -0.356917
-0.664924 -0.604477
-0.146251 -0.207594
-0.35334 -0.0273402
0.210225 0.181364
-0.599769 -0.471238
0.230422 0.243711
-0.568305 -0.351365
-0.213999 -0.108693
-0.47722 -0.112482
-0.115734 -0.01754
-0.71786 -0.492197
-0.977806 -0.768498
-0.98709 -0.939172
0.606374 0.381444
-0.256904 -0.16035
0.154109 -0.0187925
-0.146596 0.108214
-0.41014 -0.410754
-0.673488 -0.591954
-0.0869743 -0.132745
-0.179282 0.0748302
-0.413009 -0.42693
-0.669538 -0.590388
-0.105891 -0.147343
-0.266058 0.0150483
0.203616 0.147779
-0.581723 -0.442232
-0.946395 -0.768327
-0.961785 -0.912973
0.209307 0.336957
-0.548275 -0.286899
-0.182461 -0.124915
-0.398876 -0.0996223
-0.199593 -0.133113
-0.123154 0.173732
-0.39594 -0.401328
-0.683921 -0.606762
-0.0192267 -0.109123
-0.163666 0.0246912
0.436081 0.212268
-0.465151 -0.404621
-0.920553 -0.751856
-0.947675 -0.917586
0.604083 0.470115
-0.288551 -0.179993
0.530799 0.326333
-0.329534 -0.304152
0.144987 0.00479862
-0.0776315 0.162691
-0.931044 -0.77286
-0.960036 -0.910681
-0.368633 -0.350371
-0.63127 -0.580931
-0.0615104 -0.171503
-0.238291 -0.00405826
0.37566 0.224167
-0.543928 -0.451678
-0.924191 -0.733708
-0.962158 -0.918279
0.537246 0.474087
-0.341291 -0.222092
0.128178 0.00485613
-0.147358 0.065588
-0.427121 -0.407443
-0.679918 -0.597129
-0.0940072 -0.137209
-0.171305 0.039737
0.330643 0.184711
-0.512947 -0.428582
-0.412522 -0.387002
-0.701419 -0.60503
-0.0926059 -0.123088
-0.226569 -0.0208156
0.307433 0.174631
-0.49905 -0.407805
-0.932433 -0.745122
-0.95428 -0.913952
0.464298 0.407781
-0.323188 -0.183138
0.0704914 -0.04184
-0.118616 0.157978
-0.813431 -0.488718
-0.945837 -1.04405
2.75626 2.49476
-0.573481 -0.279031
1.77378 1.31244
-0.557345 -0.0145601
0.403714 0.238177
-0.839411 -0.701706
1.26032 0.80928
-0.599265 -0.205998
